# Created by Octave 3.8.1, Thu Jun 15 15:17:23 2017 IST <ni356395@ni356395-pc>
# name: v
# type: range
# base, limit, increment
1 100 1


